country_code	name	1970-1975	1975-1980	1980-1985	1985-1990	1990-1995	1995-2000	2000-2005	2005-2010	2010-2015	2015-2020	2020-2025	2025-2030	2030-2035	2035-2040	2040-2045	2045-2050	2050-2055	2055-2060	2060-2065	2065-2070	2070-2075	2075-2080	2080-2085	2085-2090	2090-2095	2095-2100	include_code
72	Botswana	0	0	0	0	0	0.091	5.969	35.028	67.619	89.9295	90.703125	91.484375	92.265625	93.046875	93.828125	94.609375	95	95	95	95	95	95	95	95	95	95	1
120	Cameroon	0	0	0	0	0	0	1.002	9.583	26.409	55.928375	67.08046875	71.24765625	75.41484375	79.58203125	83.74921875	87.91640625	90.25	90.75	91.25	91.75	92.25	92.75	93.25	93.75	94.25	94.75	1
178	Congo	0	0	0	0	0	0	0.406	8.136	21.482	40.15875	57.7734375	63.6328125	69.4921875	75.3515625	81.2109375	87.0703125	90.25	90.75	91.25	91.75	92.25	92.75	93.25	93.75	94.25	94.75	1
226	Equatorial Guinea	0	0	0	0	0	0	0.495	8.235	25.565	61.9705	77.109375	79.453125	81.796875	84.140625	86.484375	88.828125	90.25	90.75	91.25	91.75	92.25	92.75	93.25	93.75	94.25	94.75	1
266	Gabon	0	0	0	0	0	0	2.77	15.834	33.892	68.9155	83.984375	85.078125	86.171875	87.265625	88.359375	89.453125	90.25	90.75	91.25	91.75	92.25	92.75	93.25	93.75	94.25	94.75	1
404	Kenya	0	0	0	0	0	0	0.744	15.722	47.975	77.25775	80.7359375	82.4203125	84.1046875	85.7890625	87.4734375	89.1578125	90.25	90.75	91.25	91.75	92.25	92.75	93.25	93.75	94.25	94.75	1
426	Lesotho	0	0	0	0	0	0	0.771	20.516	45.285	77.562	83.125	84.375	85.625	86.875	88.125	89.375	90.25	90.75	91.25	91.75	92.25	92.75	93.25	93.75	94.25	94.75	1
454	Malawi	0	0	0	0	0	0	0.666	16.861	50.962	78.557125	84.01015625	85.09921875	86.18828125	87.27734375	88.36640625	89.45546875	90.25	90.75	91.25	91.75	92.25	92.75	93.25	93.75	94.25	94.75	1
508	Mozambique	0	0	0	0	0	0	0.279	7.277	26.535	63.52875	71.1796875	74.6015625	78.0234375	81.4453125	84.8671875	88.2890625	90.25	90.75	91.25	91.75	92.25	92.75	93.25	93.75	94.25	94.75	1
516	Namibia	0	0	0	0	0	0	1.591	30.754	69.856	86.61875	86.9921875	87.5390625	88.0859375	88.6328125	89.1796875	89.7265625	90.25	90.75	91.25	91.75	92.25	92.75	93.25	93.75	94.25	94.75	1
140	Central African Republic	0	0	0	0	0	0	0.161	6.38	15.508	52.547	72.8125	75.9375	79.0625	82.1875	85.3125	88.4375	90.25	90.75	91.25	91.75	92.25	92.75	93.25	93.75	94.25	94.75	1
646	Rwanda	0	0	0	0	0	0	1.549	27.244	58.898	82.948125	85.17890625	86.05546875	86.93203125	87.80859375	88.68515625	89.56171875	90.25	90.75	91.25	91.75	92.25	92.75	93.25	93.75	94.25	94.75	1
710	South Africa	0	0	0	0	0	0	0.884	11.744	42.467	70.578375	80.76171875	82.44140625	84.12109375	85.80078125	87.48046875	89.16015625	90.25	90.75	91.25	91.75	92.25	92.75	93.25	93.75	94.25	94.75	1
748	Swaziland	0	0	0	0	0	0	1.996	20.193	49.917	86.6365	90.703125	91.484375	92.265625	93.046875	93.828125	94.609375	95	95	95	95	95	95	95	95	95	95	1
834	United Republic of Tanzania	0	0	0	0	0	0	0.097	10.984	41.125	78.5545	85.703125	86.484375	87.265625	88.046875	88.828125	89.609375	90.25	90.75	91.25	91.75	92.25	92.75	93.25	93.75	94.25	94.75	1
800	Uganda	0	0	0	0	0	0	2.721	12.857	39.663	77.774	84.84375	85.78125	86.71875	87.65625	88.59375	89.53125	90.25	90.75	91.25	91.75	92.25	92.75	93.25	93.75	94.25	94.75	1
894	Zambia	0	0	0	0	0	0	1.845	21.946	51.38	76.675375	80.69296875	82.38515625	84.07734375	85.76953125	87.46171875	89.15390625	90.25	90.75	91.25	91.75	92.25	92.75	93.25	93.75	94.25	94.75	1
716	Zimbabwe	0	0	0	0	0	0	0.393	12.281	54.765	82.255	81.8875	83.3625	84.8375	86.3125	87.7875	89.2625	90.25	90.75	91.25	91.75	92.25	92.75	93.25	93.75	94.25	94.75	1
24	Angola	0	0	0	0	0	0	0.077577	5.061391	17.800514	26.13514763	33.93996953	44.13270234	54.32543516	64.51816797	74.71090078	84.90363359	90.25	90.75	91.25	91.75	92.25	92.75	93.25	93.75	94.25	94.75	1
44	Bahamas	0	0	0	0	0	0	7.6259639	29.2296253	36.7136838	69.14144204	85.51784382	86.33278131	87.1477188	87.96265628	88.77759377	89.59253126	90.25	90.75	91.25	91.75	92.25	92.75	93.25	93.75	94.25	94.75	1
84	Belize	0	0	0	0	0	0	3.257097	15.886481	27.32465	35.77040175	45.75485469	53.79942656	61.84399844	69.88857031	77.93314219	85.97771406	90.25	90.75	91.25	91.75	92.25	92.75	93.25	93.75	94.25	94.75	1
204	Benin	0	0	0	0	0	0	0	17.187249	52.847911	71.25501375	78.53705469	80.62122656	82.70539844	84.78957031	86.87374219	88.95791406	90.25	90.75	91.25	91.75	92.25	92.75	93.25	93.75	94.25	94.75	1
854	Burkina Faso	0	0	0	0	0	0	1.874966	21.839743	57.509789	87.05947	94.296875	93.515625	92.734375	91.953125	91.171875	90.390625	90.25	90.75	91.25	91.75	92.25	92.75	93.25	93.75	94.25	94.75	1
108	Burundi	0	0	0	0	0	0	1.925152	15.907774	46.770762	81.5337955	85.24335938	86.10820313	86.97304688	87.83789063	88.70273438	89.56757813	90.25	90.75	91.25	91.75	92.25	92.75	93.25	93.75	94.25	94.75	1
148	Chad	0	0	0	0	0	0	0.333811	15.545176	42.036064	55.354909	61.0734375	66.3328125	71.5921875	76.8515625	82.1109375	87.3703125	90.25	90.75	91.25	91.75	92.25	92.75	93.25	93.75	94.25	94.75	1
384	Cote d'Ivoire	0	0	0	0	0	0.011355	1.628889	17.327422	33.460928	68.91152788	81.54382734	83.08131328	84.61879922	86.15628516	87.69377109	89.23125703	90.25	90.75	91.25	91.75	92.25	92.75	93.25	93.75	94.25	94.75	1
262	Djibouti	0	0	0	0	0	0	0.7583819	6.7204486	15.0671455	32.14307749	44.25550592	52.57268666	60.8898674	69.20704815	77.52422889	85.84140963	90.25	90.75	91.25	91.75	92.25	92.75	93.25	93.75	94.25	94.75	1
231	Ethiopia	0	0	0	0	0	0	0.431683	18.284452	53.431396	78.87864763	82.99646328	84.26983359	85.54320391	86.81657422	88.08994453	89.36331484	90.25	90.75	91.25	91.75	92.25	92.75	93.25	93.75	94.25	94.75	1
270	Gambia	0	0	0	0	0	0	0.191971	4.34261	23.162485	48.092342	62.07485	67.15215	72.22945	77.30675	82.38405	87.46135	90.25	90.75	91.25	91.75	92.25	92.75	93.25	93.75	94.25	94.75	1
288	Ghana	0	0	0	0	0	0	0.24941	5.633615	24.042023	53.560992	68.515625	72.421875	76.328125	80.234375	84.140625	88.046875	90.25	90.75	91.25	91.75	92.25	92.75	93.25	93.75	94.25	94.75	1
324	Guinea	0	0	0	0	0	0	0.405289	8.839954	28.545189	42.009676	51.328125	58.359375	65.390625	72.421875	79.453125	86.484375	90.25	90.75	91.25	91.75	92.25	92.75	93.25	93.75	94.25	94.75	1
624	Guinea-Bissau	0	0	0	0	0	0	0.05164	4.556464	21.184708	54.508048	73.84375	76.78125	79.71875	82.65625	85.59375	88.53125	90.25	90.75	91.25	91.75	92.25	92.75	93.25	93.75	94.25	94.75	1
328	Guyana	0	0	0	0	0	0	5.531682	40.383997	61.05152	74.874911	78.828125	80.859375	82.890625	84.921875	86.953125	88.984375	90.25	90.75	91.25	91.75	92.25	92.75	93.25	93.75	94.25	94.75	1
332	Haiti	0	0	0	0	0	0	0.951063	15.693791	42.465086	76.95612513	84.58194141	85.56704297	86.55214453	87.53724609	88.52234766	89.50744922	90.25	90.75	91.25	91.75	92.25	92.75	93.25	93.75	94.25	94.75	1
388	Jamaica	0	0	0	0	0	0.001401	0.712996	13.736406	34.64729	58.599913	68.515625	72.421875	76.328125	80.234375	84.140625	88.046875	90.25	90.75	91.25	91.75	92.25	92.75	93.25	93.75	94.25	94.75	1
430	Liberia	0	0	0	0	0	0	0	4.052623	16.631487	49.042088	70.6640625	74.1796875	77.6953125	81.2109375	84.7265625	88.2421875	90.25	90.75	91.25	91.75	92.25	92.75	93.25	93.75	94.25	94.75	1
466	Mali	0	0	0	0	0	0	1.312652	13.624237	28.393626	50.31284875	68.56486719	72.46216406	76.35946094	80.25675781	84.15405469	88.05135156	90.25	90.75	91.25	91.75	92.25	92.75	93.25	93.75	94.25	94.75	1
566	Nigeria	0	0	0	0	0	0	0.470122	7.147533	22.939026	43.25746438	52.14883672	59.03086641	65.91289609	72.79492578	79.67695547	86.55898516	90.25	90.75	91.25	91.75	92.25	92.75	93.25	93.75	94.25	94.75	1
694	Sierra Leone	0	0	0	0	0	0	0.06907	4.179381	20.092206	52.082643	64.21875	68.90625	73.59375	78.28125	82.96875	87.65625	90.25	90.75	91.25	91.75	92.25	92.75	93.25	93.75	94.25	94.75	1
768	Togo	0	0	0	0	0	0	0.954933	8.738311	29.27478	61.12869013	68.23944766	72.19591172	76.15237578	80.10883984	84.06530391	88.02176797	90.25	90.75	91.25	91.75	92.25	92.75	93.25	93.75	94.25	94.75	1
52	Barbados	0	0	0	0	0	0.6410868	27.4028455	58.9187764	61.6188697	67.15725245	74.03865069	76.9407142	79.84277771	82.74484122	85.64690473	88.54896824	90.25	90.75	91.25	91.75	92.25	92.75	93.25	93.75	94.25	94.75	1
116	Cambodia	0	0	0	0	0	0.0019673	3.4454026	36.0276059	68.1351616	88.39949314	91.8837358	91.54123838	91.19874096	90.85624354	90.51374613	90.17124871	90.25	90.75	91.25	91.75	92.25	92.75	93.25	93.75	94.25	94.75	1
132	Cape Verde	0	0	0	0	0	0	0.6216556	15.4167638	39.3374556	76.25171466	86.28509139	86.96052932	87.63596725	88.31140518	88.98684311	89.66228104	90.25	90.75	91.25	91.75	92.25	92.75	93.25	93.75	94.25	94.75	1
180	Democratic Republic of the Congo	0	0	0	0	0	0	0.3060122	4.2937323	17.9212789	62.05442865	81.8351133	83.31963816	84.80416301	86.28868786	87.77321272	89.25773757	90.25	90.75	91.25	91.75	92.25	92.75	93.25	93.75	94.25	94.75	1
214	Dominican Republic	0	0	0	0	0	0	0.428968	10.2992821	30.26932	57.56357365	67.77472026	71.81568022	75.85664017	79.89760012	83.93856007	87.97952002	90.25	90.75	91.25	91.75	92.25	92.75	93.25	93.75	94.25	94.75	1
232	Eritrea	0	0	0	0	0	0	0.2331945	14.0339604	42.9267652	64.03964685	72.10102308	75.35538252	78.60974196	81.8641014	85.11846084	88.37282028	90.25	90.75	91.25	91.75	92.25	92.75	93.25	93.75	94.25	94.75	1
340	Honduras	0	0	0	0	0	0	6.039338	30.4427683	51.7553704	65.73817768	70.84026096	74.32384988	77.8074388	81.29102771	84.77461663	88.25820554	90.25	90.75	91.25	91.75	92.25	92.75	93.25	93.75	94.25	94.75	1
478	Mauritania	0	0	0	0	0	0	0.5591099	13.5547242	29.2830629	55.53404521	69.20158642	72.98311616	76.7646459	80.54617565	84.32770539	88.10923513	90.25	90.75	91.25	91.75	92.25	92.75	93.25	93.75	94.25	94.75	1
480	Mauritius	0	0	0	0	0	0.0390244	0.7218812	2.3787387	10.330566	43.13435761	65.00919644	69.55297891	74.09676137	78.64054384	83.1843263	87.72810877	90.25	90.75	91.25	91.75	92.25	92.75	93.25	93.75	94.25	94.75	1
104	Myanmar	0	0	0	0	0	0	0.1573055	6.2559942	36.8326033	80.71589418	89.20565894	89.35008459	89.49451023	89.63893588	89.78336153	89.92778718	90.25	90.75	91.25	91.75	92.25	92.75	93.25	93.75	94.25	94.75	1
591	Panama	0	0	0	0	0	3.3591752	14.419208	23.3594219	34.6629196	55.51270305	64.1676334	68.86442733	73.56122126	78.25801518	82.95480911	87.65160304	90.25	90.75	91.25	91.75	92.25	92.75	93.25	93.75	94.25	94.75	1
598	Papua New Guinea	0	0	0	0	0	0	0.0962658	10.8287086	35.2460012	60.00114199	67.33248437	71.45385085	75.57521732	79.6965838	83.81795028	87.93931676	90.25	90.75	91.25	91.75	92.25	92.75	93.25	93.75	94.25	94.75	1
643	Russian Federation	0	0	0	0	0	2.2394915	0.770854	8.2419483	20.0963202	37.34396763	46.53224528	54.43547341	62.33870154	70.24192967	78.1451578	86.04838593	90.25	90.75	91.25	91.75	92.25	92.75	93.25	93.75	94.25	94.75	1
728	South Sudan	0	0	0	0	0	0	0	0.4563011	5.2896932	16.73554663	27.69634997	39.02428634	50.35222271	61.68015908	73.00809545	84.33603182	90.25	90.75	91.25	91.75	92.25	92.75	93.25	93.75	94.25	94.75	1
740	Suriname	0	0	0	0	0	0.0328947	3.4322147	20.4506717	34.1166509	50.06468333	55.73375074	61.96397788	68.19420502	74.42443216	80.65465929	86.88488643	90.25	90.75	91.25	91.75	92.25	92.75	93.25	93.75	94.25	94.75	1
764	Thailand	0	0	0	0	0	0.0195201	5.9133359	33.305677	56.0606323	74.91998286	79.13041093	81.10669985	83.08298877	85.0592777	87.03556662	89.01185554	90.25	90.75	91.25	91.75	92.25	92.75	93.25	93.75	94.25	94.75	1
780	Trinidad and Tobago	0	0	0	0	0	0	10.8618789	43.2158303	80.8845048	82.43063583	77.85013655	80.05920263	82.26826872	84.4773348	86.68640088	88.89546696	90.25	90.75	91.25	91.75	92.25	92.75	93.25	93.75	94.25	94.75	1
804	Ukraine	0	0	0	0	0	0	0.2360865	4.2601992	20.1891397	42.8199055	54.22083714	60.72613948	67.23144182	73.73674415	80.24204649	86.74734883	90.25	90.75	91.25	91.75	92.25	92.75	93.25	93.75	94.25	94.75	1
